Q1 : How many allocations are generated by each algorithm on average?
Number of problems : 36
Number of problems : 528
Number of problems : 8256
Number of problems : 131328
Number of problems : 2098176

[set([1, 2]), set([1, 3]), set([1, 4]), set([2, 3]), set([2, 4]), set([3, 4])]
([1, 2, 3, 4], [1, 2, 3, 4])
0.0 0.0 1.0 1.0 0.0 0.0
([1, 2, 3, 4], [2, 1, 3, 4])
0.0 1.0 1.0 0.0 0.0 0.0
([1, 2, 3, 4], [2, 3, 1, 4])
0.0 1.0 1.0 0.0 0.0 0.0
([1, 2, 3, 4], [2, 3, 4, 1])
1.0 1.0 1.0 0.0 0.0 0.0
([1, 2, 3, 4], [3, 2, 1, 4])
1.0 0.0 1.0 0.0 0.0 0.0
([1, 2, 3, 4], [3, 2, 4, 1])
1.0 1.0 1.0 0.0 0.0 0.0
([1, 2, 3, 4], [3, 4, 2, 1])
1.0 1.0 1.0 0.0 0.0 0.0
([1, 2, 3, 4], [4, 3, 2, 1])
1.0 1.0 1.0 1.0 0.0 0.0
([2, 1, 3, 4], [1, 2, 3, 4])
0.0 0.0 0.0 1.0 1.0 0.0
([2, 1, 3, 4], [2, 1, 3, 4])
0.0 1.0 0.0 0.0 1.0 0.0
([2, 1, 3, 4], [2, 3, 1, 4])
0.0 1.0 0.0 0.0 1.0 0.0
([2, 1, 3, 4], [2, 3, 4, 1])
1.0 1.0 0.0 0.0 0.0 0.0
([2, 1, 3, 4], [3, 2, 1, 4])
1.0 0.0 0.0 0.0 1.0 0.0
([2, 1, 3, 4], [3, 2, 4, 1])
1.0 1.0 0.0 0.0 1.0 0.0
*([2, 1, 3, 4], [3, 4, 2, 1])
1.0 1.0 0.0 0.0 1.0 0.0
([2, 1, 3, 4], [4, 3, 2, 1])
1.0 1.0 0.0 1.0 0.0 0.0
([2, 3, 1, 4], [1, 2, 3, 4])
0.0 0.0 0.0 1.0 1.0 0.0
([2, 3, 1, 4], [2, 1, 3, 4])
0.0 1.0 0.0 0.0 1.0 0.0
([2, 3, 1, 4], [2, 3, 1, 4])
0.0 1.0 0.0 0.0 1.0 0.0
([2, 3, 1, 4], [2, 3, 4, 1])
1.0 1.0 0.0 0.0 0.0 0.0
([2, 3, 1, 4], [3, 2, 1, 4])
1.0 0.0 0.0 0.0 1.0 0.0
([2, 3, 1, 4], [3, 2, 4, 1])
1.0 1.0 0.0 0.0 1.0 0.0
([2, 3, 1, 4], [3, 4, 2, 1])
1.0 1.0 0.0 0.0 1.0 0.0
([2, 3, 1, 4], [4, 3, 2, 1])
1.0 1.0 0.0 1.0 0.0 0.0
([2, 3, 4, 1], [1, 2, 3, 4])
0.0 0.0 0.0 1.0 1.0 1.0
([2, 3, 4, 1], [2, 1, 3, 4])
0.0 0.0 0.0 0.0 1.0 1.0
([2, 3, 4, 1], [2, 3, 1, 4])
0.0 0.0 0.0 0.0 1.0 1.0
([2, 3, 4, 1], [2, 3, 4, 1])
1.0 0.0 0.0 0.0 0.0 1.0
([2, 3, 4, 1], [3, 2, 1, 4])
1.0 0.0 0.0 0.0 1.0 1.0
([2, 3, 4, 1], [3, 2, 4, 1])
1.0 0.0 0.0 0.0 1.0 0.0
([2, 3, 4, 1], [3, 4, 2, 1])
1.0 0.0 0.0 0.0 1.0 0.0
([2, 3, 4, 1], [4, 3, 2, 1])
1.0 0.0 0.0 1.0 0.0 0.0
([3, 2, 1, 4], [1, 2, 3, 4])
0.0 0.0 0.0 1.0 0.0 1.0
([3, 2, 1, 4], [2, 1, 3, 4])
0.0 1.0 0.0 0.0 0.0 1.0
([3, 2, 1, 4], [2, 3, 1, 4])
0.0 1.0 0.0 0.0 0.0 1.0
([3, 2, 1, 4], [2, 3, 4, 1])
1.0 1.0 0.0 0.0 0.0 1.0
([3, 2, 1, 4], [3, 2, 1, 4])
1.0 0.0 0.0 0.0 0.0 1.0
([3, 2, 1, 4], [3, 2, 4, 1])
1.0 1.0 0.0 0.0 0.0 0.0
([3, 2, 1, 4], [3, 4, 2, 1])
1.0 1.0 0.0 0.0 0.0 0.0
([3, 2, 1, 4], [4, 3, 2, 1])
1.0 1.0 0.0 1.0 0.0 0.0
([3, 2, 4, 1], [1, 2, 3, 4])
0.0 0.0 0.0 1.0 1.0 1.0
([3, 2, 4, 1], [2, 1, 3, 4])
0.0 1.0 0.0 0.0 1.0 1.0
([3, 2, 4, 1], [2, 3, 1, 4])
0.0 1.0 0.0 0.0 1.0 1.0
([3, 2, 4, 1], [2, 3, 4, 1])
0.0 1.0 0.0 0.0 0.0 1.0
([3, 2, 4, 1], [3, 2, 1, 4])
0.0 0.0 0.0 0.0 1.0 1.0
([3, 2, 4, 1], [3, 2, 4, 1])
0.0 1.0 0.0 0.0 1.0 0.0
([3, 2, 4, 1], [3, 4, 2, 1])
0.0 1.0 0.0 0.0 1.0 0.0
([3, 2, 4, 1], [4, 3, 2, 1])
0.0 1.0 0.0 1.0 0.0 0.0
([3, 4, 2, 1], [1, 2, 3, 4])
0.0 0.0 0.0 1.0 1.0 1.0
([3, 4, 2, 1], [2, 1, 3, 4])
0.0 1.0 0.0 0.0 1.0 1.0
([3, 4, 2, 1], [2, 3, 1, 4])
0.0 1.0 0.0 0.0 1.0 1.0
([3, 4, 2, 1], [2, 3, 4, 1])
0.0 1.0 0.0 0.0 0.0 1.0
([3, 4, 2, 1], [3, 2, 1, 4])
0.0 0.0 0.0 0.0 1.0 1.0
([3, 4, 2, 1], [3, 2, 4, 1])
0.0 1.0 0.0 0.0 1.0 0.0
([3, 4, 2, 1], [3, 4, 2, 1])
0.0 1.0 0.0 0.0 1.0 0.0
([3, 4, 2, 1], [4, 3, 2, 1])
0.0 1.0 0.0 1.0 0.0 0.0
([4, 3, 2, 1], [1, 2, 3, 4])
0.0 0.0 1.0 1.0 1.0 1.0
([4, 3, 2, 1], [2, 1, 3, 4])
0.0 0.0 1.0 0.0 1.0 1.0
([4, 3, 2, 1], [2, 3, 1, 4])
0.0 0.0 1.0 0.0 1.0 1.0
([4, 3, 2, 1], [2, 3, 4, 1])
0.0 0.0 1.0 0.0 0.0 1.0
([4, 3, 2, 1], [3, 2, 1, 4])
0.0 0.0 1.0 0.0 1.0 1.0
([4, 3, 2, 1], [3, 2, 4, 1])
0.0 0.0 1.0 0.0 1.0 0.0
([4, 3, 2, 1], [3, 4, 2, 1])
0.0 0.0 1.0 0.0 1.0 0.0
([4, 3, 2, 1], [4, 3, 2, 1])
0.0 0.0 1.0 1.0 0.0 0.0


[set([1, 2]), set([1, 3]), set([1, 4]), set([2, 3]), set([2, 4]), set([3, 4])]
([1, 2, 3, 4], [1, 2, 3, 4])
0.0 0.0 1.0 1.0 0.0 0.0
([1, 2, 3, 4], [2, 1, 3, 4])
0.0 1.0 1.0 0.0 0.0 0.0
([1, 2, 3, 4], [2, 3, 1, 4])
0.0 1.0 1.0 0.0 0.0 0.0
([1, 2, 3, 4], [2, 3, 4, 1])
0.0 1.0 0.0 0.0 0.0 0.0
([1, 2, 3, 4], [3, 2, 1, 4])
1.0 0.0 1.0 0.0 0.0 0.0
([1, 2, 3, 4], [3, 2, 4, 1])
1.0 0.0 0.0 0.0 0.0 0.0
([1, 2, 3, 4], [3, 4, 2, 1])
1.0 0.0 0.0 0.0 0.0 0.0
([1, 2, 3, 4], [4, 3, 2, 1])
1.0 0.0 0.0 0.0 0.0 0.0
([2, 1, 3, 4], [1, 2, 3, 4])
0.0 0.0 0.0 1.0 1.0 0.0
([2, 1, 3, 4], [2, 1, 3, 4])
0.0 1.0 0.0 0.0 1.0 0.0
([2, 1, 3, 4], [2, 3, 1, 4])
0.0 1.0 0.0 0.0 1.0 0.0
([2, 1, 3, 4], [2, 3, 4, 1])
1.0 1.0 0.0 0.0 0.0 0.0
([2, 1, 3, 4], [3, 2, 1, 4])
1.0 0.0 0.0 0.0 1.0 0.0
([2, 1, 3, 4], [3, 2, 4, 1])
1.0 0.0 0.0 0.0 0.0 0.0
([2, 1, 3, 4], [3, 4, 2, 1])
1.0 0.0 0.0 0.0 0.0 0.0
([2, 1, 3, 4], [4, 3, 2, 1])
1.0 0.0 0.0 0.0 0.0 0.0
([2, 3, 1, 4], [1, 2, 3, 4])
0.0 0.0 0.0 1.0 1.0 0.0
([2, 3, 1, 4], [2, 1, 3, 4])
0.0 1.0 0.0 0.0 1.0 0.0
([2, 3, 1, 4], [2, 3, 1, 4])
0.0 1.0 0.0 0.0 1.0 0.0
([2, 3, 1, 4], [2, 3, 4, 1])
1.0 1.0 0.0 0.0 0.0 0.0
([2, 3, 1, 4], [3, 2, 1, 4])
1.0 0.0 0.0 0.0 1.0 0.0
([2, 3, 1, 4], [3, 2, 4, 1])
1.0 0.0 0.0 0.0 0.0 0.0
([2, 3, 1, 4], [3, 4, 2, 1])
1.0 0.0 0.0 0.0 0.0 0.0
([2, 3, 1, 4], [4, 3, 2, 1])
1.0 0.0 0.0 0.0 0.0 0.0
([2, 3, 4, 1], [1, 2, 3, 4])
0.0 0.0 0.0 0.0 1.0 0.0
([2, 3, 4, 1], [2, 1, 3, 4])
0.0 0.0 0.0 0.0 1.0 1.0
([2, 3, 4, 1], [2, 3, 1, 4])
0.0 0.0 0.0 0.0 1.0 1.0
([2, 3, 4, 1], [2, 3, 4, 1])
1.0 0.0 0.0 0.0 0.0 1.0
([2, 3, 4, 1], [3, 2, 1, 4])
0.0 0.0 0.0 0.0 1.0 0.0
([2, 3, 4, 1], [3, 2, 4, 1])
1.0 0.0 0.0 0.0 1.0 0.0
([2, 3, 4, 1], [3, 4, 2, 1])
1.0 0.0 0.0 0.0 1.0 0.0
([2, 3, 4, 1], [4, 3, 2, 1])
1.0 0.0 0.0 1.0 0.0 0.0
([3, 2, 1, 4], [1, 2, 3, 4])
0.0 0.0 0.0 1.0 0.0 1.0
([3, 2, 1, 4], [2, 1, 3, 4])
0.0 1.0 0.0 0.0 0.0 1.0
([3, 2, 1, 4], [2, 3, 1, 4])
0.0 1.0 0.0 0.0 0.0 1.0
([3, 2, 1, 4], [2, 3, 4, 1])
0.0 1.0 0.0 0.0 0.0 0.0
([3, 2, 1, 4], [3, 2, 1, 4])
1.0 0.0 0.0 0.0 0.0 1.0
([3, 2, 1, 4], [3, 2, 4, 1])
1.0 1.0 0.0 0.0 0.0 0.0
([3, 2, 1, 4], [3, 4, 2, 1])
1.0 1.0 0.0 0.0 0.0 0.0
([3, 2, 1, 4], [4, 3, 2, 1])
0.0 1.0 0.0 0.0 0.0 0.0
([3, 2, 4, 1], [1, 2, 3, 4])
0.0 0.0 0.0 0.0 0.0 1.0
([3, 2, 4, 1], [2, 1, 3, 4])
0.0 0.0 0.0 0.0 0.0 1.0
([3, 2, 4, 1], [2, 3, 1, 4])
0.0 0.0 0.0 0.0 0.0 1.0
([3, 2, 4, 1], [2, 3, 4, 1])
0.0 1.0 0.0 0.0 0.0 1.0
([3, 2, 4, 1], [3, 2, 1, 4])
0.0 0.0 0.0 0.0 1.0 1.0
([3, 2, 4, 1], [3, 2, 4, 1])
0.0 1.0 0.0 0.0 1.0 0.0
([3, 2, 4, 1], [3, 4, 2, 1])
0.0 1.0 0.0 0.0 1.0 0.0
([3, 2, 4, 1], [4, 3, 2, 1])
0.0 1.0 0.0 1.0 0.0 0.0
([3, 4, 2, 1], [1, 2, 3, 4])
0.0 0.0 0.0 0.0 0.0 1.0
([3, 4, 2, 1], [2, 1, 3, 4])
0.0 0.0 0.0 0.0 0.0 1.0
([3, 4, 2, 1], [2, 3, 1, 4])
0.0 0.0 0.0 0.0 0.0 1.0
([3, 4, 2, 1], [2, 3, 4, 1])
0.0 1.0 0.0 0.0 0.0 1.0
([3, 4, 2, 1], [3, 2, 1, 4])
0.0 0.0 0.0 0.0 1.0 1.0
([3, 4, 2, 1], [3, 2, 4, 1])
0.0 1.0 0.0 0.0 1.0 0.0
([3, 4, 2, 1], [3, 4, 2, 1])
0.0 1.0 0.0 0.0 1.0 0.0
([3, 4, 2, 1], [4, 3, 2, 1])
0.0 1.0 0.0 1.0 0.0 0.0
([4, 3, 2, 1], [1, 2, 3, 4])
0.0 0.0 0.0 0.0 0.0 1.0
([4, 3, 2, 1], [2, 1, 3, 4])
0.0 0.0 0.0 0.0 0.0 1.0
([4, 3, 2, 1], [2, 3, 1, 4])
0.0 0.0 0.0 0.0 0.0 1.0
([4, 3, 2, 1], [2, 3, 4, 1])
0.0 0.0 1.0 0.0 0.0 1.0
([4, 3, 2, 1], [3, 2, 1, 4])
0.0 0.0 0.0 0.0 1.0 0.0
([4, 3, 2, 1], [3, 2, 4, 1])
0.0 0.0 1.0 0.0 1.0 0.0
([4, 3, 2, 1], [3, 4, 2, 1])
0.0 0.0 1.0 0.0 1.0 0.0
([4, 3, 2, 1], [4, 3, 2, 1])
0.0 0.0 1.0 1.0 0.0 0.0
